.Random.seed <-
c(10403L, 10L, 394562812L, 1643422015L, 1018584597L, -355869396L, 
-45371902L, 376059101L, -837816361L, 1450478270L, -1612968712L, 
598176475L, 1055926585L, 211709064L, 1110350902L, -1198544783L, 
-1554343261L, -94601230L, -795487420L, -2123039737L, 1743886813L, 
-979114284L, 1510754810L, 218506565L, -164433505L, 1276580646L, 
-1162089552L, 1873352787L, -1941925007L, 655581856L, 210179646L, 
2090507593L, 1823106043L, -1741092918L, -1643529940L, -528100049L, 
-1405133851L, 1257480860L, 17213170L, 164657005L, 495796391L, 
1612006094L, 733704232L, 600640555L, 1981201993L, -283707560L, 
664707590L, -195556383L, 1499081075L, 707627490L, 1632382292L, 
-1026243497L, -297752499L, 245033956L, 1914816970L, 52219957L, 
-289337713L, -1894867050L, 1069720384L, 718507523L, -1526541279L, 
-2059167984L, 845237486L, -2129996647L, 1863270699L, 679409690L, 
-760581412L, -1607388449L, 1460366517L, 682412620L, -1052068190L, 
1702338045L, 956348151L, -348332002L, 596472536L, -1770711493L, 
-40426535L, 147378536L, 1329899670L, 1996957201L, -1014865981L, 
-815422510L, 298475108L, 606449063L, -1289649411L, -1947158796L, 
672031194L, -1385355995L, 1018209343L, 205149126L, -1711030192L, 
-1187091341L, -1626046319L, -1343643456L, -1281815906L, 1707886185L, 
-2140244325L, -2117182550L, -773865524L, 552710799L, -445179195L, 
247493244L, -737698094L, 918780493L, 64722695L, -1144489234L, 
998928328L, -250007349L, -161410775L, -1847383688L, -169558362L, 
1540237505L, 1871585619L, 820579842L, 310073140L, 366793911L, 
44188845L, -1772428860L, -1243348502L, 777363029L, -1178325009L, 
594190326L, 1683839264L, -333916445L, 1883615105L, 479246832L, 
-697325426L, -817442823L, 1464870283L, -283786822L, -570638148L, 
-426286081L, -1760956075L, -2062194068L, 2100035266L, -1952143075L, 
-1510948969L, -174261506L, 1461280952L, 798321307L, -1753069319L, 
-1862141368L, 2133763446L, 1519678641L, 918059235L, 2065299378L, 
-858232828L, -1985201337L, -757771747L, 88107156L, -118282182L, 
960187013L, 1926363999L, 173741030L, 1493458544L, 1365938579L, 
-369240527L, 1439730912L, 1646943614L, -1400074231L, 922779707L, 
2104020490L, -1859658260L, -48999825L, -784622171L, 1765334364L, 
1824727346L, 1099530285L, 1467694823L, 837702670L, 1524850152L, 
-1429682197L, 1940478089L, -440615912L, 1715903302L, -2046924383L, 
888297523L, -661252702L, 610300052L, -878078185L, 1847779597L, 
1290799140L, -1244870646L, -424772235L, -54793009L, -1829421098L, 
1793523584L, 1861546947L, -1504103071L, -2042442800L, 812706606L, 
-431892775L, 2074952939L, -325843622L, 1427355420L, 144421407L, 
-1901276555L, 1125981964L, 961090274L, 32901053L, 1614397495L, 
-1326396706L, -1957448168L, 467032443L, 1689751833L, 767622568L, 
-1818730154L, 315400657L, 430629251L, 1852432402L, -1257499740L, 
-1208769689L, -1620625219L, 791969844L, -563293286L, 1095557093L, 
-1667011713L, -729343226L, 919049360L, -1734171341L, -1876147503L, 
882198656L, 39022942L, 1011582633L, -1289916069L, -383280278L, 
1158664716L, 933737039L, 639639301L, 108724596L, -1985991672L, 
257736634L, 301658576L, -242811924L, -1931845228L, -901705262L, 
-1152347808L, -1465282740L, -1630447328L, 2090319746L, -1816072472L, 
611795180L, 1115812924L, -260310158L, 1188511344L, -1076734940L, 
1576733496L, 875228314L, 475255504L, 814825660L, -1234145644L, 
-78662014L, -468399936L, -9723076L, -224093040L, -1548992990L, 
-1396912120L, 567516428L, -2023412580L, 659144210L, 1956069248L, 
-1377186284L, 294136360L, -1927793350L, -269547056L, 2081600620L, 
-797300428L, 1787893394L, -1856287904L, 986035020L, -1894303776L, 
1672173474L, 33425320L, 94104972L, 1065617596L, 1302972786L, 
-1165077264L, 1105981508L, 308912472L, -1240930758L, -1144276112L, 
109459516L, -1180147948L, -1036212798L, 1109670624L, 1338824572L, 
-1737679152L, -2054809438L, 1232489512L, 2129716492L, 2015750076L, 
710781234L, -1875875392L, -2022618572L, 576838600L, 723318970L, 
-724489840L, -966487572L, -2093137324L, 1314025618L, 1978969888L, 
1642179020L, 1545786848L, -220334398L, -249928664L, 1765520044L, 
-1940298564L, -538957326L, 661074224L, 2060604580L, -1197390152L, 
-554746534L, 1057617296L, 1876054908L, 1491691796L, 1847427906L, 
-1307305216L, -689653828L, 778624848L, -1804795102L, 1766890824L, 
-2127943156L, -1368487844L, -1718977326L, 44833280L, -1769706156L, 
-651666968L, -529511430L, -520912688L, -1421865684L, -1927765260L, 
1143331218L, 2113385568L, 1956750604L, 1110495968L, -155498142L, 
1433672360L, -1600683444L, -963694212L, 980878642L, -1973571472L, 
1803503428L, -514671144L, 622365818L, 449769008L, -1233007940L, 
-1737482412L, -1118596030L, -405520992L, 941230780L, 585677264L, 
97746274L, -523800600L, -99924020L, 1249218300L, 1316184562L, 
1177389184L, -801995532L, 1953728136L, -179611846L, 610022224L, 
849847916L, 1044234388L, -673558190L, 1708293856L, 633270988L, 
-745934688L, -172344446L, 814084840L, 1503859436L, -889971652L, 
1123783282L, -1781762960L, -1508932060L, 1686488120L, -1383253990L, 
-42034480L, -1534880708L, -605346668L, 1008245890L, -1439119424L, 
220092732L, -85945712L, -1605014494L, -881146872L, 2121877644L, 
1226046492L, 798758546L, -606845824L, -1246146540L, 171549992L, 
-248639942L, -313187120L, 350966892L, -482807116L, 329226258L, 
-965752864L, 120549324L, 519278048L, 580419106L, 1430890792L, 
20713740L, 2089199164L, 456954098L, 1343695600L, 849335108L, 
1534499416L, 2110865978L, -379402512L, -337261380L, 2137706004L, 
-1074413374L, 1109352544L, 1252879740L, -1307886384L, -1105064926L, 
1251097256L, 1264156556L, 775117244L, 141640754L, 1099695936L, 
1747654836L, -2023017656L, -1100952902L, -745222384L, 906950892L, 
-1787194284L, 890156818L, 744764320L, -53076020L, -341693600L, 
1965547714L, -326760920L, -1468148308L, -1646751940L, 1586454386L, 
-709070032L, -51699164L, 870133816L, -172012326L, -1214692976L, 
-1210681604L, -1845047404L, -426679486L, 557259264L, 1409311292L, 
972641872L, -923397470L, -523846840L, 365369868L, -1277416228L, 
-9375150L, 1984776320L, 2047310676L, -45215256L, 1251093242L, 
-1845395048L, -2001298762L, -345902269L, 1876274821L, 999678754L, 
-798648304L, 1839408057L, -1233992597L, 1719375708L, -1012240758L, 
-256492929L, -1391189047L, -1769209762L, 125526796L, 872139485L, 
696640487L, 1592391696L, 1806341422L, -1352996389L, 1305685693L, 
-1542366166L, -2062852920L, 265746929L, -2088421533L, 2145709924L, 
-459602286L, 1600578407L, -446575311L, -987863434L, -1071687788L, 
-1910840411L, 1719981231L, 1559415144L, 508096838L, 1343408371L, 
-818457003L, -860276174L, -266532864L, -1545560855L, -2098619557L, 
-1993097812L, -1796201030L, -588143761L, 546960633L, -1501910642L, 
2082593884L, -1193562419L, -937391561L, -1896038208L, 57692062L, 
1588204651L, -1769163795L, -1168091558L, -637986536L, 1553704577L, 
88767539L, -981595564L, -373670302L, 1781436663L, 1354793793L, 
-928171578L, 1373618948L, -2035177803L, -720547425L, 1480068600L, 
1897104342L, -1958977949L, -252748251L, 916663746L, -933600592L, 
-1468126503L, 1861831755L, -1157655876L, 1089966314L, 461802783L, 
-1905175127L, -1679281346L, -1123185108L, 1032961149L, 1264535239L, 
-593723472L, -1516318258L, 972344059L, 1218042205L, -883053942L, 
903829672L, -776115183L, -1825620733L, 211980292L, 359538738L, 
328321159L, 1188431057L, 638344790L, -1046663628L, 729105733L, 
1389758351L, 223621896L, -478186202L, 1755033043L, -1784797387L, 
1886629522L, -776775072L, -188417079L, 1124612859L, -1764293428L, 
1505828186L, 1482305615L, 975084825L, 293377838L, -1241716420L, 
-1904157011L, -211412649L, -1208772448L, -1296292354L, -671090485L, 
2057733837L, 1180996090L, -865736136L, 1277372385L, -1542414189L, 
-55393612L, 2056490946L, -1902052393L, -467725279L, 946775014L, 
1386647268L, -1888773611L, 574296639L, 1871620568L, 2095636470L, 
221505539L, 1663943493L, -1003731102L, 1998350544L, 588370937L, 
612478763L, -1624830820L, -111066422L, 1935854527L, 2104755977L, 
-357240802L, -1365605940L, -1283814499L, -2000157145L, 397659216L, 
550974702L, 704524699L, -526047235L, 859169514L, -1623739000L, 
